name: pi_photos
channels:
  - conda-forge
  - defaults
dependencies:
  - absl-py=0.7.0=py36_1000
  - astor=0.7.1=py_0
  - blas=1.0=mkl
  - ca-certificates=2018.11.29=ha4d7672_0
  - cachetools=2.1.0=py_0
  - certifi=2018.11.29=py36_1000
  - freetype=2.9.1=ha9979f8_1
  - gast=0.2.1.post0=py_0
  - google-api-python-client=1.7.8=py_0
  - google-auth=1.6.3=py_0
  - google-auth-httplib2=0.0.3=py_2
  - grpcio=1.16.0=py36hbb4b082_1000
  - h5py=2.9.0=nompi_py36h3cb27cb_1102
  - hdf5=1.10.4=nompi_hcc15c50_1105
  - httplib2=0.12.1=py36_0
  - icc_rt=2019.0.0=h0cc432a_1
  - intel-openmp=2019.1=144
  - jpeg=9b=hb83a4c4_2
  - keras=2.2.4=py36_0
  - keras-applications=1.0.4=py_1
  - keras-preprocessing=1.0.2=py_1
  - libgpuarray=0.7.6=hfa6e2cd_1003
  - libpng=1.6.36=h2a8f88b_0
  - libprotobuf=3.6.1=h1a1b453_1000
  - libtiff=4.0.10=hb898794_2
  - m2w64-gcc-libgfortran=5.3.0=6
  - m2w64-gcc-libs=5.3.0=7
  - m2w64-gcc-libs-core=5.3.0=7
  - m2w64-gmp=6.1.0=2
  - m2w64-libwinpthread-git=5.0.0.4634.697f757=2
  - mako=1.0.7=py_1
  - markdown=2.6.11=py_0
  - markupsafe=1.1.0=py36hfa6e2cd_1000
  - mkl=2019.1=144
  - mkl_fft=1.0.10=py36hfa6e2cd_1
  - mkl_random=1.0.2=py36h830ac7b_2
  - msys2-conda-epoch=20160418=1
  - numpy=1.15.4=py36h19fb1c0_0
  - numpy-base=1.15.4=py36hc3f5095_0
  - oauth2client=4.1.3=py_0
  - olefile=0.46=py36_0
  - openssl=1.0.2p=hfa6e2cd_1002
  - pillow=5.4.1=py36hdc69c19_0
  - pip=19.0.1=py36_0
  - protobuf=3.6.1=py36he025d50_1001
  - pyasn1=0.4.4=py_1
  - pyasn1-modules=0.2.3=py_0
  - pydrive=1.3.1=py_1
  - pygpu=0.7.6=py36h452e1ab_1000
  - pyreadline=2.1=py36_1000
  - python=3.6.8=h9f7ef89_1
  - pyyaml=3.13=py36hfa6e2cd_1001
  - rsa=3.4.2=py_1
  - scipy=1.2.0=py36h29ff71c_0
  - setuptools=40.8.0=py36_0
  - simplejson=3.16.1=py36hfa6e2cd_0
  - six=1.12.0=py36_1000
  - sqlite=3.26.0=he774522_0
  - tensorboard=1.10.0=py36_0
  - tensorflow=1.10.0=py36_0
  - termcolor=1.1.0=py_2
  - theano=1.0.4=py36h6538335_1000
  - tk=8.6.8=hfa6e2cd_0
  - uritemplate=3.0.0=py_1
  - vc=14.1=h0510ff6_4
  - vs2015_runtime=14.15.26706=h3a45250_0
  - vs2015_win-64=14.0.25123=h17c34da_3
  - werkzeug=0.14.1=py_0
  - wheel=0.32.3=py36_0
  - wincertstore=0.2=py36h7fe50ca_0
  - xz=5.2.4=h2fa13f4_4
  - yaml=0.1.7=hfa6e2cd_1001
  - zlib=1.2.11=h62dcd97_3
  - zstd=1.3.7=h508b16e_0
prefix: C:\Users\peckr\Miniconda3\envs\pi_photos

